      58      58       2
  4.1465206E-01  1.2645177E-02 -1.0672400E-02 -2.5479631E-03  4.0499233E-03  6.2367741E-03  1.4035416E-02  2.6436396E-02  1.2622804E-02 -7.0386582E-03  1.7536064E-02 -2.5269098E-03  1.8899850E-02 -2.6205986E-02 -1.6755776E-02  5.8640659E-03 -2.1184776E-04  2.0758531E-02 -3.6933053E-02 -2.7016017E-03  5.0861885E-02 -2.6958010E-02  1.9867816E-03 -2.6362888E-02  1.8998412E-02 -8.5537146E-03  1.1936974E-02  3.0014781E-04  6.9468216E-03  2.2091982E-02  2.6915248E-02 -9.3910907E-03  3.1769232E-02  9.0136826E-03 -8.1864142E-03 -5.0217512E-03 -5.6841916E-03  3.2645815E-02  3.7910387E-02  8.0082263E-03 -4.3834447E-02  4.7247204E-03 -1.9375327E-02  3.7387916E-02  6.5963794E-02  1.6581114E-02  7.8789719E-03  3.3457838E-02  1.1758735E-02 -9.9624990E-03  1.9398223E-02  1.2548682E-02 -4.2024671E-03  3.1231579E-02  4.1847605E-02  4.3015063E-03  2.7824817E-02  1.6713750E+00
  1.2645177E-02  1.7187808E-01 -1.0340037E-02 -5.6266785E-03 -1.4833164E-03  3.1761783E-03  2.9955831E-03 -2.0077125E-03 -1.6237466E-03 -1.0450634E-03  1.3189110E-03  8.4522915E-03  4.0948874E-03 -4.2767998E-03  1.0572933E-04 -5.5984898E-03 -2.2013188E-03  5.2696548E-03  6.8481742E-03  1.6958858E-05  1.0596932E-03  3.2699694E-03  3.3389721E-03  1.5650976E-02  7.6164113E-03  5.0144196E-03 -1.4950480E-03 -1.0057591E-03 -3.6978274E-03 -3.9549888E-03 -1.0841794E-03 -5.1960725E-02  8.1106841E-03 -4.9859213E-03  2.4175572E-03 -2.9764692E-03 -6.4889500E-04  6.9541720E-03  1.4829870E-03 -2.2779108E-02  2.0136351E-02 -1.6378846E-03 -3.0316475E-03  9.4881211E-03  1.4036626E-02 -8.7741610E-02 -2.9237255E-02  1.5602227E-02 -4.5831064E-03  3.6553471E-03  1.0221727E-02  1.4476118E-03  6.4291853E-03  3.2818989E-03 -3.2289282E-02 -6.6231609E-03  3.8650899E-03  2.2203356E+00
 -1.0672400E-02 -1.0340037E-02  1.7021993E-01 -4.1792256E-02 -3.8236646E-02 -3.6703963E-02 -1.1277577E-02 -2.9002398E-02 -1.2099078E-02 -2.4558180E-03 -2.2532372E-02  6.5635013E-03  1.3619454E-02 -1.3510745E-02 -3.4531297E-02 -6.9331659E-03 -2.2033875E-03 -1.2697459E-02 -3.6189777E-03 -1.7161051E-02 -1.5898216E-02 -1.1473276E-02  1.8373262E-03 -1.2975247E-02 -4.6497120E-03  8.3257391E-05 -6.4772888E-03  5.6370765E-03 -1.9563660E-03 -4.5037035E-04 -2.2602685E-02  4.4367882E-03 -2.6128451E-03  1.8365469E-03 -1.5652206E-02 -2.1742601E-03 -1.5646036E-02 -8.3360848E-03  6.0564896E-04 -7.9899142E-03 -1.5147700E-02 -1.2526888E-04 -1.2954933E-02 -3.8696370E-04  3.4287124E-03 -7.8148461E-03 -1.5569387E-03  7.3398654E-03 -2.2437080E-03  3.5948883E-03 -2.0822515E-02 -1.0067755E-02 -1.4817386E-02 -8.9014194E-03  1.9704671E-02 -1.2875994E-03  2.8294943E-02 -4.3992604E+00
 -2.5479631E-03 -5.6266785E-03 -4.1792256E-02  3.1345037E-01 -1.4084459E-02 -6.8209131E-03 -8.9063353E-03 -1.1714329E-02 -7.7207736E-03 -1.8280830E-03 -7.0199805E-03  2.0883952E-03  1.4266926E-03 -5.5359462E-03 -1.2938401E-02 -2.9716741E-02 -3.9652201E-03 -5.5662166E-03 -1.8147578E-03 -2.7902174E-03 -4.7777516E-03  2.7930840E-05 -1.3421163E-02 -2.1595924E-03 -3.2386045E-03  1.5174129E-03 -2.1576376E-03 -1.1807945E-03 -2.1185266E-04  1.6170846E-03 -6.1551083E-03  3.7273526E-03  7.7275361E-04  1.1030470E-04 -3.3613847E-03  1.4014156E-03 -2.3771761E-03  1.7012636E-03  2.6148494E-03 -1.9823241E-03 -5.0074496E-03  8.6227307E-04 -3.4004005E-03 -4.0503160E-03  5.0660297E-04 -2.7902446E-03  8.2130885E-04  2.9821206E-03 -3.3139116E-04  2.0832141E-03 -2.8256058E-03 -3.6732153E-03 -4.9899515E-03 -2.7517901E-03  4.6560475E-03  1.7239269E-04  4.3500904E-04 -1.0890694E+00
  4.0499233E-03 -1.4833164E-03 -3.8236646E-02 -1.4084459E-02  3.1456780E-01 -8.1486329E-03  2.0816172E-03 -9.2983982E-03 -7.1097540E-03 -1.5455045E-05 -6.9187015E-03 -7.0132335E-04  3.8399945E-03 -2.9363978E-03 -1.3500735E-02 -1.9189879E-02 -1.9183333E-03 -5.0602871E-03 -3.2544994E-03 -5.5096515E-03 -6.7801217E-03 -3.6095999E-04 -3.1794900E-03 -8.2810273E-03 -2.6443667E-03 -1.5108632E-03 -4.3367108E-04 -1.4327663E-03  1.1779437E-03  2.8200035E-03 -4.8776225E-03  3.1376115E-03 -4.8869117E-03  4.2894327E-04 -2.9005552E-03  4.3725325E-04 -2.5959265E-03  9.2633529E-04  1.9092716E-03  8.3164924E-04 -1.9862430E-03  1.6040640E-03 -3.3431101E-03 -4.3776747E-03 -9.8299509E-04 -5.2713107E-03 -2.5980046E-03  1.2419565E-03 -2.3662269E-03  1.0147716E-03 -1.8490916E-03 -1.7809266E-03 -3.5506789E-03 -2.7583808E-03  6.9507846E-03 -1.5717100E-03 -1.8805430E-03 -1.9716109E+00
  6.2367741E-03  3.1761783E-03 -3.6703963E-02 -6.8209131E-03 -8.1486329E-03  6.5422798E-02 -5.0614725E-02 -1.9281905E-02 -2.3776413E-03 -5.1909624E-04 -5.0337447E-03 -2.3255492E-02 -2.1356085E-05  1.5991390E-02 -3.0245819E-02  1.0865804E-02  1.3826536E-03 -3.1677410E-03  1.2118850E-02  2.4728475E-03  4.8464183E-03  1.3034246E-03  4.1129543E-03 -7.6343779E-04  1.6678115E-03  3.9518934E-03 -4.3781335E-03  2.2178992E-03  5.6658083E-03  5.5876321E-03 -1.5552671E-03  4.3998829E-03  1.2893758E-03  1.8721714E-03  8.6118106E-04  3.9873210E-03  3.3205366E-03  1.5556258E-03  3.1017705E-03 -1.1290757E-03 -2.0715459E-04  2.8065469E-03 -3.2320655E-03 -1.5752240E-03 -1.6627174E-03 -2.2453022E-03  1.9870091E-03  5.0236502E-03  5.2890790E-04  5.4037581E-03  2.7834071E-03 -2.5525423E-04 -1.7001496E-03 -9.7004217E-05  4.9945876E-03 -6.1233160E-04 -5.4434625E-03  1.0773636E+00
  1.4035416E-02  2.9955831E-03 -1.1277577E-02 -8.9063353E-03  2.0816172E-03 -5.0614725E-02  2.2299816E-01 -1.2069556E-02 -5.7455896E-03 -8.3737846E-04  2.8551963E-03  1.7463024E-02 -2.8842016E-02 -1.2890712E-02 -1.5362313E-02 -1.5469784E-02 -1.9653706E-03  1.9520024E-03  3.8848985E-04  1.3814608E-02  1.7300723E-02  1.0540351E-02 -2.0023579E-02  7.1289801E-03  1.5561901E-03  4.7111663E-03  4.6798651E-03 -2.7927779E-03  1.5151831E-03  3.9387888E-03  4.7147764E-03  6.6090108E-04  5.7649271E-03  3.1777129E-03  8.3320441E-03  4.1083981E-03  7.8820610E-03  8.3061144E-03  1.2871097E-03  4.1915931E-03  6.0070554E-03  3.8258277E-03  4.5299759E-03  6.2203891E-04  2.5133904E-03  5.0946094E-03  4.2537135E-03  2.5960625E-03  4.2615949E-03  4.5550178E-03  8.9679158E-03  2.4666618E-03  4.1006850E-03  3.6195052E-03 -4.4546442E-03  6.1958881E-03 -8.2022287E-03  5.2050711E+00
  2.6436396E-02 -2.0077125E-03 -2.9002398E-02 -1.1714329E-02 -9.2983982E-03 -1.9281905E-02 -1.2069556E-02  3.1861475E-01 -5.8578286E-03 -7.9297887E-04 -7.2832385E-03 -1.2669806E-03 -1.7884590E-04 -2.1352270E-03 -8.2237206E-03 -1.9133356E-02 -2.9321543E-03 -4.5276131E-03  4.0744552E-03  5.6956288E-04 -5.7148810E-03  1.4967479E-03 -1.5130301E-02 -2.1710076E-03 -3.6568841E-03  4.7932864E-03 -1.1460524E-03 -2.2141794E-03  3.2916762E-05 -8.6272944E-04 -8.4958601E-03  3.5331965E-04 -3.9018687E-03  3.1423674E-03 -2.0038879E-03  3.2735217E-03 -1.5134644E-03  1.2423866E-03  1.6021813E-03 -2.9015953E-03  2.2919125E-03  1.0721993E-03 -3.0400335E-03 -3.7119884E-03 -5.2211583E-03  7.3896672E-04  2.6981296E-03  7.4721688E-04 -2.0758861E-03  3.1923652E-03  1.0429126E-03 -1.6193097E-04 -1.0063412E-03 -1.9716608E-03 -3.8568961E-05 -3.4816571E-03 -3.9768951E-04 -9.9054843E-01
  1.2622804E-02 -1.6237466E-03 -1.2099078E-02 -7.7207736E-03 -7.1097540E-03 -2.3776413E-03 -5.7455896E-03 -5.8578286E-03  3.2502064E-01  1.5523245E-04 -2.1134044E-03  1.4581931E-03  3.4963071E-04 -9.0384457E-04 -6.7420011E-03 -2.2241232E-02 -1.9393963E-03 -2.7584368E-03  6.3435216E-04 -1.8600650E-04 -2.8201281E-03  2.5201268E-03 -7.0607152E-03 -6.8966366E-03 -2.5745156E-03  4.1860136E-04 -1.1927182E-04 -4.7323636E-04  1.2599423E-03  6.5145667E-04 -2.3318243E-03  1.0841980E-03 -3.3186542E-03  4.5680809E-04  4.3330697E-05  1.3918207E-03  5.8378438E-04  8.1044315E-04  1.7322331E-03  5.9959160E-04  1.8146249E-03  1.6765763E-03 -1.2451215E-03 -7.2436995E-04 -2.6657213E-04 -1.8074137E-03 -3.2046370E-04  1.2550038E-04 -5.9285439E-04  1.0711964E-03  1.5426917E-03 -9.0007654E-04 -7.8698973E-04 -1.1717411E-03  2.3827962E-03 -1.4800674E-04 -5.3208832E-03 -3.3204822E-01
 -7.0386582E-03 -1.0450634E-03 -2.4558180E-03 -1.8280830E-03 -1.5455045E-05 -5.1909624E-04 -8.3737846E-04 -7.9297887E-04  1.5523245E-04  3.2933215E-01 -1.1092339E-03 -7.0960228E-04  2.3977462E-04 -8.8161009E-04 -1.2307649E-03 -3.8180076E-03 -1.2763688E-03 -5.7211596E-04 -2.0437760E-04  3.9583476E-04  5.0399304E-04 -1.1773111E-03 -2.2212412E-03  5.4501201E-03 -6.8502191E-04  1.0379472E-03 -3.9563280E-04 -1.1320166E-03 -9.2054337E-04  2.0355018E-04 -4.5113706E-04  3.1397938E-03  3.2838305E-03 -1.3793833E-03 -1.1618457E-03 -8.6796038E-05 -1.0430627E-03  1.0605695E-03  1.1547405E-04 -7.4265392E-04 -3.1900176E-03 -1.0702229E-03 -2.6023791E-04 -1.2087098E-03 -3.0084352E-03  3.9148748E-04  1.5549456E-03  2.2526377E-03  3.6003117E-04  3.0982187E-04  1.2388820E-03 -1.5455166E-03 -1.8022753E-03 -6.2583220E-04 -1.4089862E-03  4.3823789E-04  5.2079089E-03  1.3656913E-01
  1.7536064E-02  1.3189110E-03 -2.2532372E-02 -7.0199805E-03 -6.9187015E-03 -5.0337447E-03  2.8551963E-03 -7.2832385E-03 -2.1134044E-03 -1.1092339E-03  2.8995319E-01 -5.4477512E-02  1.2179106E-02  2.0612774E-03 -3.6233667E-03 -1.1433623E-03 -1.4011385E-03 -7.9692458E-03 -2.4727491E-02  1.3568637E-02 -4.1170111E-03  5.2299965E-03  2.0406798E-03  1.1049361E-02 -4.2126243E-03  9.7623427E-03  7.7019746E-03 -5.1720609E-03 -6.5906705E-03 -6.5516360E-04 -4.8535044E-03  5.4851770E-03 -4.1476938E-04 -3.8080610E-03 -2.0230143E-03  1.4846149E-03 -1.3918731E-03 -1.9438356E-03  6.1016144E-04 -4.9757737E-03  2.0859217E-03  5.5077955E-04 -2.4309573E-03 -3.9016887E-03 -1.6235878E-03  1.2019607E-05  2.3979667E-03  1.4874603E-03 -3.0716531E-03  3.2076373E-03  2.9006726E-03  3.3187568E-04 -7.2213702E-04 -6.6987290E-04 -5.3543320E-03 -6.6756937E-03 -1.2020829E-02 -1.8825897E+00
 -2.5269098E-03  8.4522915E-03  6.5635013E-03  2.0883952E-03 -7.0132335E-04 -2.3255492E-02  1.7463024E-02 -1.2669806E-03  1.4581931E-03 -7.0960228E-04 -5.4477512E-02  9.6782818E-02 -2.9871613E-02  1.0582395E-03  3.9955781E-04  4.4662131E-03 -7.5518565E-05  1.2806982E-02 -7.5536843E-03 -1.9055012E-02  1.5860347E-03  2.4074456E-03  9.5995693E-03  1.4091338E-02  1.0393576E-03  7.1453980E-03  3.2996837E-03 -3.3451354E-03 -6.2016669E-03  1.0127825E-03  3.6075888E-03  7.7262751E-03  4.5297986E-03 -2.5261422E-03  4.0911713E-03  3.1871346E-03  6.7161908E-03  9.8101437E-03  6.3826699E-03 -3.6225394E-03  7.1627259E-05  2.0423214E-03 -1.6942449E-03 -2.4602287E-03 -6.5390361E-04  4.9860226E-04  3.0128281E-03  4.6827493E-03 -9.6592921E-04  3.6921844E-03  1.1714218E-02  3.8680534E-03  2.0030347E-03  3.8785482E-03 -1.4794646E-03 -8.2818934E-03 -2.3203063E-02  1.4765013E-01
  1.8899850E-02  4.0948874E-03  1.3619454E-02  1.4266926E-03  3.8399945E-03 -2.1356085E-05 -2.8842016E-02 -1.7884590E-04  3.4963071E-04  2.3977462E-04  1.2179106E-02 -2.9871613E-02  1.5893191E-01 -4.6528628E-02 -9.2756605E-03  4.1058950E-03  4.5908046E-04  1.1611917E-03  5.7922018E-03 -2.9665692E-02 -4.7167177E-02 -1.8217725E-02 -1.4049245E-02  2.6793109E-03  2.7588444E-03  4.9403285E-03  1.0820714E-02  9.3129341E-03  1.8998130E-02 -4.2802286E-03 -9.7940249E-04  2.0107687E-04  5.4956039E-03  7.5030054E-03  7.6917678E-03  3.8794474E-03  1.8748556E-03  6.3509152E-03  2.5509312E-03  7.1430554E-03  6.8874197E-03  3.2598664E-03  3.5111766E-03  8.1355414E-03  6.4633168E-05  4.1597397E-03  4.9214992E-03  4.2382147E-03  6.3631177E-03  6.5218807E-03  1.5943204E-03  2.8508044E-03  5.4849018E-03  3.7253535E-03 -2.8696902E-03  9.9879644E-03  1.1466109E-02  7.2503625E+00
 -2.6205986E-02 -4.2767998E-03 -1.3510745E-02 -5.5359462E-03 -2.9363978E-03  1.5991390E-02 -1.2890712E-02 -2.1352270E-03 -9.0384457E-04 -8.8161009E-04  2.0612774E-03  1.0582395E-03 -4.6528628E-02  2.7814398E-01 -2.4897926E-02  4.7962176E-03  1.4527031E-03  6.3283306E-03 -2.0941389E-03  5.3789135E-03 -2.7032040E-03 -3.6531673E-02 -8.2454417E-03 -4.3532077E-03  6.6411232E-03 -3.3369007E-03 -3.7963865E-03  4.5968677E-03  9.5849885E-03 -2.8144961E-03 -6.1796336E-04 -5.2447818E-03  6.9759721E-03  9.7359047E-04 -5.1879777E-04 -8.0737411E-04  2.2148321E-03  2.6369853E-03  2.1411255E-03 -1.0477734E-03 -6.5800002E-03  1.3029915E-03 -1.3197776E-03  6.1529365E-03  2.4139310E-03  1.5946389E-03 -5.4184902E-04  3.4695337E-03  4.3024373E-03  5.7454830E-04  2.0823929E-04 -1.1855067E-03 -2.7942738E-03 -4.8924418E-04  1.0348702E-02  3.2031110E-03  2.0902988E-03  1.9658300E+00
 -1.6755776E-02  1.0572933E-04 -3.4531297E-02 -1.2938401E-02 -1.3500735E-02 -3.0245819E-02 -1.5362313E-02 -8.2237206E-03 -6.7420011E-03 -1.2307649E-03 -3.6233667E-03  3.9955781E-04 -9.2756605E-03 -2.4897926E-02  2.9278996E-01 -9.0641710E-03  5.2303882E-04 -6.6054095E-04 -1.9755707E-03 -2.3825990E-03  5.3592910E-03 -2.7757070E-02  1.4350788E-03 -2.5159150E-03  1.7673629E-03 -1.1430711E-03  1.8357912E-03  1.6935639E-03  1.0361313E-02 -4.3537734E-03 -4.3262815E-03  2.9931512E-03  2.4481040E-03  6.1157747E-04 -5.6040524E-04  1.2936491E-04 -6.3269956E-04 -9.5482499E-04  2.7309703E-03  1.7175770E-03 -4.0262862E-03  1.6291056E-03 -3.1411706E-03  4.7941458E-03 -3.5684926E-04 -2.3837720E-03 -1.2915813E-03  4.3462762E-03  1.7519341E-03  1.0976806E-03 -1.2640643E-04 -7.8110410E-04 -1.9955215E-03 -3.3301587E-04  8.8329504E-03  1.5507089E-03 -8.4888164E-04  9.5077874E-01
  5.8640659E-03 -5.5984898E-03 -6.9331659E-03 -2.9716741E-02 -1.9189879E-02  1.0865804E-02 -1.5469784E-02 -1.9133356E-02 -2.2241232E-02 -3.8180076E-03 -1.1433623E-03  4.4662131E-03  4.1058950E-03  4.7962176E-03 -9.0641710E-03  1.9082955E-01 -1.6221376E-02  1.3656220E-03  4.1379299E-03  3.8024996E-03 -8.6523838E-03  1.6213473E-02 -6.6501125E-02 -3.7510109E-03 -9.6260084E-04  5.8252207E-03 -5.1042946E-03 -1.6660234E-03 -2.3407923E-03  1.8040832E-02 -8.7473465E-05  7.9279582E-03  3.0148334E-03  2.7765640E-03  6.1592545E-04  4.5194438E-03  8.3841784E-03  5.5227304E-03  4.8478412E-03 -3.3904053E-03 -7.2087467E-03  3.5674840E-03 -3.0117574E-03 -7.2440169E-03 -5.6422218E-03  6.3810744E-03  7.4156190E-03  4.2105782E-03 -2.1481806E-04  2.4596832E-03  1.1633770E-02  1.1106898E-04 -2.1037734E-03  1.2788077E-03  7.2373185E-03 -5.1238146E-03 -1.5566798E-02 -6.1542503E-01
 -2.1184776E-04 -2.2013188E-03 -2.2033875E-03 -3.9652201E-03 -1.9183333E-03  1.3826536E-03 -1.9653706E-03 -2.9321543E-03 -1.9393963E-03 -1.2763688E-03 -1.4011385E-03 -7.5518565E-05  4.5908046E-04  1.4527031E-03  5.2303882E-04 -1.6221376E-02  3.2800081E-01 -1.1946543E-03  6.2399019E-04  9.4498757E-04 -1.7535933E-03  2.1225307E-03 -1.0721557E-02  4.4169857E-03 -1.8093643E-03  1.7407525E-03 -4.0282901E-04 -1.2836438E-03 -1.9034900E-03  4.0389537E-03 -5.3535752E-04  2.3791210E-03  2.4551454E-03 -1.3054216E-03 -9.7274479E-04  8.1305590E-04 -2.4755055E-04  5.8977214E-04  8.0713072E-04 -9.7752522E-04 -2.1870869E-03 -8.4444463E-04 -8.7929013E-04 -4.9231072E-04 -4.8952924E-03 -1.0013602E-04  1.6167604E-03  1.4044601E-03 -2.9811576E-05  5.4790641E-04  2.5272656E-03 -9.8008827E-04 -1.0421808E-03 -2.2464184E-04 -1.3980806E-03 -4.6192565E-04  3.1905318E-03 -1.1278718E-01
  2.0758531E-02  5.2696548E-03 -1.2697459E-02 -5.5662166E-03 -5.0602871E-03 -3.1677410E-03  1.9520024E-03 -4.5276131E-03 -2.7584368E-03 -5.7211596E-04 -7.9692458E-03  1.2806982E-02  1.1611917E-03  6.3283306E-03 -6.6054095E-04  1.3656220E-03 -1.1946543E-03  2.1256325E-01 -4.9116557E-02  6.5116627E-03 -1.1053348E-02  1.3290568E-02  8.3151502E-03  2.1332483E-02 -3.6574191E-02 -4.4880772E-02  3.5513508E-03  3.0344150E-03  9.5468440E-03 -1.8284488E-03 -7.4209389E-04  1.0473532E-02  1.5389038E-03  2.8624434E-04  2.3624485E-02  4.6015719E-02  7.6635202E-03  1.9066983E-03  7.6315189E-03 -4.0847166E-03  3.1897951E-03 -3.4075859E-04 -4.5074776E-03 -1.1652862E-02 -2.0035954E-03 -6.6085543E-04  3.4247740E-03  1.9725322E-03 -4.1195522E-03  4.2010953E-03  1.1425417E-02  4.0914572E-03  2.9535816E-03  2.2327336E-03 -8.3910130E-03 -1.2213709E-02 -4.3812330E-02 -1.8229258E+00
 -3.6933053E-02  6.8481742E-03 -3.6189777E-03 -1.8147578E-03 -3.2544994E-03  1.2118850E-02  3.8848985E-04  4.0744552E-03  6.3435216E-04 -2.0437760E-04 -2.4727491E-02 -7.5536843E-03  5.7922018E-03 -2.0941389E-03 -1.9755707E-03  4.1379299E-03  6.2399019E-04 -4.9116557E-02  1.1595293E-01 -1.5083637E-02  6.8966441E-03  6.7113289E-03  1.1929224E-02  5.4675945E-03  3.5276488E-02 -1.1959270E-02 -3.9588638E-02 -1.6079967E-02 -1.0111972E-05  1.1622224E-03  9.2034544E-03  5.0980455E-03  9.8093894E-03 -7.2991909E-03  2.0323473E-03  4.9098759E-03  2.0081843E-02 -4.9142839E-03  2.6646793E-03  2.3830622E-03 -2.9293883E-03  5.7517622E-03  2.3747240E-04  4.7583352E-03  1.9714559E-03  2.3031851E-03 -1.4163902E-04  5.4545648E-03  3.2402891E-03  1.9583556E-03  1.3804980E-02  7.1313196E-03  3.7030160E-03  6.1941384E-03  7.0909985E-03 -4.1903814E-03 -2.5625761E-02  2.7926791E+00
 -2.7016017E-03  1.6958858E-05 -1.7161051E-02 -2.7902174E-03 -5.5096515E-03  2.4728475E-03  1.3814608E-02  5.6956288E-04 -1.8600650E-04  3.9583476E-04  1.3568637E-02 -1.9055012E-02 -2.9665692E-02  5.3789135E-03 -2.3825990E-03  3.8024996E-03  9.4498757E-04  6.5116627E-03 -1.5083637E-02  2.1727515E-01 -4.9746271E-02  1.5615397E-02  5.3638103E-03 -5.4125886E-03  7.5934945E-04  3.6729457E-03 -9.8389722E-03 -3.3352886E-02 -4.9106894E-02 -6.0045165E-03 -4.7579233E-03  2.1142549E-03  2.9266302E-03  4.9159155E-03  2.6343320E-03 -7.1368004E-04  8.6191034E-03 -4.5498954E-03 -1.4995333E-02  5.3242669E-03 -4.8118764E-04  3.0050968E-03 -1.1689965E-03  2.6682744E-03  5.7305172E-03 -1.0738929E-03  1.0157626E-03  4.4695340E-03  3.7555932E-03  4.3103577E-03 -6.0046901E-04  4.0465476E-04  2.6064490E-05  6.9670405E-04  6.5261398E-03  6.7562805E-03  1.3289711E-02  3.8305571E+00
  5.0861885E-02  1.0596932E-03 -1.5898216E-02 -4.7777516E-03 -6.7801217E-03  4.8464183E-03  1.7300723E-02 -5.7148810E-03 -2.8201281E-03  5.0399304E-04 -4.1170111E-03  1.5860347E-03 -4.7167177E-02 -2.7032040E-03  5.3592910E-03 -8.6523838E-03 -1.7535933E-03 -1.1053348E-02  6.8966441E-03 -4.9746271E-02  1.9470995E-01 -2.8013677E-02  7.5974352E-04  1.7072030E-04 -9.4872100E-03  5.1357408E-03  1.4420345E-02 -3.6244768E-03 -3.3962645E-02  2.4825319E-02 -6.5113506E-04 -3.7570728E-03 -5.1691080E-03  2.9343574E-03  4.1319127E-03  1.0034172E-02  1.8236809E-03  8.8269190E-03  5.3519707E-03 -1.1287360E-03  1.1908712E-02  5.2361452E-03  7.0533424E-04 -5.8945811E-03 -9.1542682E-03  3.7847956E-04  5.6097369E-04 -5.7416414E-05  6.8963523E-04  6.9026129E-03  2.9077022E-03 -3.9083079E-03 -1.5857754E-03 -3.7890410E-03  2.3612218E-03  5.3326342E-03 -3.3908033E-02  1.3815812E+00
 -2.6958010E-02  3.2699694E-03 -1.1473276E-02  2.7930840E-05 -3.6095999E-04  1.3034246E-03  1.0540351E-02  1.4967479E-03  2.5201268E-03 -1.1773111E-03  5.2299965E-03  2.4074456E-03 -1.8217725E-02 -3.6531673E-02 -2.7757070E-02  1.6213473E-02  2.1225307E-03  1.3290568E-02  6.7113289E-03  1.5615397E-02 -2.8013677E-02  1.2038800E-01 -3.4840259E-02 -5.1850706E-03  9.4414937E-03 -1.1322571E-03  6.6573948E-04  2.1501772E-02 -8.9207979E-03 -9.2873872E-03  3.4603048E-03 -4.7523617E-04  9.8702272E-03  2.2152904E-03  5.5130190E-03  9.7494776E-03  1.1107498E-02  3.8691813E-03  9.2552972E-03  2.9967203E-03 -6.1893168E-03  8.0371495E-03  4.2575925E-03  2.1797532E-02 -7.2145804E-03 -7.9729787E-04  1.1414346E-03  1.0745897E-02  9.6304872E-03  1.4711455E-03  2.3016015E-03 -1.2825203E-03  8.3504169E-04  4.5295361E-03  1.2905234E-02  4.1296465E-03 -9.3846017E-02  4.3546689E+00
  1.9867816E-03  3.3389721E-03  1.8373262E-03 -1.3421163E-02 -3.1794900E-03  4.1129543E-03 -2.0023579E-02 -1.5130301E-02 -7.0607152E-03 -2.2212412E-03  2.0406798E-03  9.5995693E-03 -1.4049245E-02 -8.2454417E-03  1.4350788E-03 -6.6501125E-02 -1.0721557E-02  8.3151502E-03  1.1929224E-02  5.3638103E-03  7.5974352E-04 -3.4840259E-02  2.0045856E-01  5.9764183E-03  2.6220728E-03  1.1088315E-02 -2.7501261E-03 -3.1374611E-03  2.2488399E-02 -3.1967429E-02 -3.1604618E-02  1.2112559E-02  9.1617111E-03  3.6110786E-03  2.2391882E-03  2.6346322E-03  9.8175575E-03  2.4779741E-03  1.0948082E-02 -2.9762658E-03 -8.9329661E-03  1.2138462E-03 -1.9610531E-03  2.4035676E-03 -3.8991529E-03  4.2441832E-03  1.1460130E-02  8.4733296E-03  3.5689617E-05  3.7971965E-03  9.4470632E-03  7.5380410E-03  5.7326903E-03  8.5594823E-03  8.6436376E-03 -1.3179273E-02 -6.8768196E-03  7.6122257E-01
 -2.6362888E-02  1.5650976E-02 -1.2975247E-02 -2.1595924E-03 -8.2810273E-03 -7.6343779E-04  7.1289801E-03 -2.1710076E-03 -6.8966366E-03  5.4501201E-03  1.1049361E-02  1.4091338E-02  2.6793109E-03 -4.3532077E-03 -2.5159150E-03 -3.7510109E-03  4.4169857E-03  2.1332483E-02  5.4675945E-03 -5.4125886E-03  1.7072030E-04 -5.1850706E-03  5.9764183E-03  1.8896274E-01 -9.9963697E-03 -6.0769257E-04 -6.7323739E-03 -1.4005366E-03  1.1550340E-04  4.8802627E-03 -4.4088038E-03  1.4520329E-03 -3.7575394E-02 -4.3325020E-02 -9.8592201E-03 -1.3481639E-03 -2.0175528E-03  1.5612468E-02  6.0626464E-03  1.5296055E-02  1.4201176E-02  2.6304951E-02 -3.8356387E-04  1.5784665E-02  1.7814159E-02  1.2061737E-03 -2.3828981E-03  4.7893579E-04 -3.8097203E-03 -6.2451871E-03  1.8426333E-02  1.3541801E-02  1.0570116E-02  6.3556445E-03  2.4054798E-02 -7.1690568E-03  8.4039608E-04  1.0718452E+00
  1.8998412E-02  7.6164113E-03 -4.6497120E-03 -3.2386045E-03 -2.6443667E-03  1.6678115E-03  1.5561901E-03 -3.6568841E-03 -2.5745156E-03 -6.8502191E-04 -4.2126243E-03  1.0393576E-03  2.7588444E-03  6.6411232E-03  1.7673629E-03 -9.6260084E-04 -1.8093643E-03 -3.6574191E-02  3.5276488E-02  7.5934945E-04 -9.4872100E-03  9.4414937E-03  2.6220728E-03 -9.9963697E-03  1.6880340E-01 -6.1271808E-02  1.5194335E-02 -7.5187515E-03  9.9428939E-04 -5.5164045E-04 -2.5644937E-03  5.9300151E-03  1.3220974E-02 -3.6676295E-02 -3.6093358E-02 -7.0696170E-03  3.3044214E-03  2.2580316E-03  2.2946851E-03 -4.1709233E-03  1.2418962E-02  7.1630756E-03  2.5942876E-03 -9.9756736E-03  1.0194982E-02  2.3461626E-03  3.9599543E-03  1.0061591E-03  3.0877148E-04  8.5779891E-03  1.3238709E-02  5.0090828E-03  5.0581207E-03  2.2468098E-03 -8.1152395E-03 -3.9707278E-03 -5.6720431E-03  1.3726387E+00
 -8.5537146E-03  5.0144196E-03  8.3257391E-05  1.5174129E-03 -1.5108632E-03  3.9518934E-03  4.7111663E-03  4.7932864E-03  4.1860136E-04  1.0379472E-03  9.7623427E-03  7.1453980E-03  4.9403285E-03 -3.3369007E-03 -1.1430711E-03  5.8252207E-03  1.7407525E-03 -4.4880772E-02 -1.1959270E-02  3.6729457E-03  5.1357408E-03 -1.1322571E-03  1.1088315E-02 -6.0769257E-04 -6.1271808E-02  9.0658773E-02 -2.2348497E-02  1.3226692E-02  5.7430484E-03  5.0606886E-03  6.6988506E-03  3.1367003E-04  3.8908781E-03  2.0465633E-02  1.2874190E-03 -8.9219482E-03 -1.0099438E-02  1.4584771E-02  4.0188418E-03  7.6775154E-03 -4.9907644E-03  5.6258516E-03  2.9663663E-03  5.0753332E-03 -9.2536854E-03 -6.5538561E-04 -3.7800757E-04  5.4488175E-03  4.2794776E-03  3.9792791E-03  8.4292713E-03  5.3243841E-03  3.5204421E-03  4.0663491E-03  1.2659655E-02  3.1799003E-03  5.9887498E-03  4.5313014E+00
  1.1936974E-02 -1.4950480E-03 -6.4772888E-03 -2.1576376E-03 -4.3367108E-04 -4.3781335E-03  4.6798651E-03 -1.1460524E-03 -1.1927182E-04 -3.9563280E-04  7.7019746E-03  3.2996837E-03  1.0820714E-02 -3.7963865E-03  1.8357912E-03 -5.1042946E-03 -4.0282901E-04  3.5513508E-03 -3.9588638E-02 -9.8389722E-03  1.4420345E-02  6.6573948E-04 -2.7501261E-03 -6.7323739E-03  1.5194335E-02 -2.2348497E-02  1.2046574E-01 -3.7035846E-02  1.4175181E-02 -1.1185601E-03 -1.6766301E-03 -3.9310890E-03  4.7926117E-03  4.7157904E-03  3.6366930E-03  4.6721728E-03 -3.3115903E-02 -1.6803858E-02  3.6686377E-03  1.3554519E-03  1.0476812E-04  2.2435146E-03  6.7890494E-04  9.3483347E-03 -4.0126889E-03  3.0130055E-03  3.1694694E-03  4.5584416E-03  5.8451190E-03  4.0195315E-03 -2.4989057E-03 -1.8567824E-03 -1.3319669E-03 -5.9311022E-04  7.4447673E-03  7.8109998E-03 -9.6268172E-04  4.0455672E+00
  3.0014781E-04 -1.0057591E-03  5.6370765E-03 -1.1807945E-03 -1.4327663E-03  2.2178992E-03 -2.7927779E-03 -2.2141794E-03 -4.7323636E-04 -1.1320166E-03 -5.1720609E-03 -3.3451354E-03  9.3129341E-03  4.5968677E-03  1.6935639E-03 -1.6660234E-03 -1.2836438E-03  3.0344150E-03 -1.6079967E-02 -3.3352886E-02 -3.6244768E-03  2.1501772E-02 -3.1374611E-03 -1.4005366E-03 -7.5187515E-03  1.3226692E-02 -3.7035846E-02  2.3241408E-01 -2.3706806E-02 -4.6662636E-03 -3.9224220E-03 -3.5827071E-03 -3.2684368E-03  2.6969915E-03  1.4827438E-03  1.7589161E-02 -4.8423900E-03 -1.5535748E-02  1.4744155E-02  4.4279554E-03  7.9187017E-03  3.1866685E-03  5.3348172E-03 -7.7898563E-03 -5.7583218E-03 -2.8880289E-03 -1.4808796E-03  3.9495460E-04  1.5600647E-03  5.7320005E-03 -3.7262555E-03 -2.9687771E-03 -1.6540888E-03 -3.3898407E-03 -4.8576456E-03  8.3166586E-03 -2.7771557E-02  2.5894714E+00
  6.9468216E-03 -3.6978274E-03 -1.9563660E-03 -2.1185266E-04  1.1779437E-03  5.6658083E-03  1.5151831E-03  3.2916762E-05  1.2599423E-03 -9.2054337E-04 -6.5906705E-03 -6.2016669E-03  1.8998130E-02  9.5849885E-03  1.0361313E-02 -2.3407923E-03 -1.9034900E-03  9.5468440E-03 -1.0111972E-05 -4.9106894E-02 -3.3962645E-02 -8.9207979E-03  2.2488399E-02  1.1550340E-04  9.9428939E-04  5.7430484E-03  1.4175181E-02 -2.3706806E-02  1.3956263E-01 -2.5547014E-02  1.7533655E-02  5.9293009E-03  6.1489237E-03  4.8163803E-03  5.3695090E-03  6.6912468E-03  9.1100433E-03  5.2133706E-03 -3.8495245E-02  2.8095347E-03 -1.1670174E-03  5.1913095E-03  2.7383258E-03  1.0364327E-02 -3.4139277E-03  6.2158898E-03  6.5988251E-03  7.1428299E-03  5.4177491E-03  4.8172611E-03  3.5135321E-03  2.9512890E-03  3.2267333E-03  5.1831604E-03 -1.4942500E-02 -6.7893395E-04 -4.8614122E-02  3.5706292E+00
  2.2091982E-02 -3.9549888E-03 -4.5037035E-04  1.6170846E-03  2.8200035E-03  5.5876321E-03  3.9387888E-03 -8.6272944E-04  6.5145667E-04  2.0355018E-04 -6.5516360E-04  1.0127825E-03 -4.2802286E-03 -2.8144961E-03 -4.3537734E-03  1.8040832E-02  4.0389537E-03 -1.8284488E-03  1.1622224E-03 -6.0045165E-03  2.4825319E-02 -9.2873872E-03 -3.1967429E-02  4.8802627E-03 -5.5164045E-04  5.0606886E-03 -1.1185601E-03 -4.6662636E-03 -2.5547014E-02  4.9794351E-02 -4.8710603E-02  6.4122504E-03  4.1142879E-03  1.7760008E-03  4.9136625E-03  1.4808968E-03  2.3114626E-03  1.7163636E-02 -1.0084763E-02 -7.0209155E-04 -1.4433232E-03  3.2773052E-03 -4.5788996E-03 -1.2721830E-02  2.6030891E-03  1.0952884E-02  4.4649046E-03  1.0922742E-03  7.5706911E-04  4.4619180E-03  1.3321127E-02  7.9431609E-04 -2.4160949E-03 -1.1987951E-04 -1.9535671E-02  2.1438837E-03  1.9223474E-02  1.3234204E+00
  2.6915248E-02 -1.0841794E-03 -2.2602685E-02 -6.1551083E-03 -4.8776225E-03 -1.5552671E-03  4.7147764E-03 -8.4958601E-03 -2.3318243E-03 -4.5113706E-04 -4.8535044E-03  3.6075888E-03 -9.7940249E-04 -6.1796336E-04 -4.3262815E-03 -8.7473465E-05 -5.3535752E-04 -7.4209389E-04  9.2034544E-03 -4.7579233E-03 -6.5113506E-04  3.4603048E-03 -3.1604618E-02 -4.4088038E-03 -2.5644937E-03  6.6988506E-03 -1.6766301E-03 -3.9224220E-03  1.7533655E-02 -4.8710603E-02  2.9897422E-01  2.7798644E-03 -3.7549302E-03  4.5978847E-03 -3.2932158E-03 -5.3128941E-04 -2.5410593E-03 -5.8245059E-04  2.8394001E-03 -2.5462250E-03  9.2277275E-04 -1.6572017E-03 -5.0637962E-03  2.6314221E-03 -9.5846076E-06 -5.0736543E-04  5.2832969E-03  1.5849953E-03 -3.8141764E-03  3.1566138E-03  1.6023769E-04  5.3411971E-03  3.9527920E-03  2.0663387E-03  2.4102745E-03 -1.1477371E-02  2.0681102E-02 -1.2821823E+00
 -9.3910907E-03 -5.1960725E-02  4.4367882E-03  3.7273526E-03  3.1376115E-03  4.3998829E-03  6.6090108E-04  3.5331965E-04  1.0841980E-03  3.1397938E-03  5.4851770E-03  7.7262751E-03  2.0107687E-04 -5.2447818E-03  2.9931512E-03  7.9279582E-03  2.3791210E-03  1.0473532E-02  5.0980455E-03  2.1142549E-03 -3.7570728E-03 -4.7523617E-04  1.2112559E-02  1.4520329E-03  5.9300151E-03  3.1367003E-04 -3.9310890E-03 -3.5827071E-03  5.9293009E-03  6.4122504E-03  2.7798644E-03  2.2490033E-01 -4.0500357E-02  7.2517300E-03 -2.1712283E-03  3.5167335E-03  5.6460440E-03  9.4646054E-03  9.8121232E-03 -4.7780539E-02  3.6642825E-02  7.9314701E-03 -3.9636239E-03 -3.2933897E-04 -4.0395250E-04  1.5035558E-02 -2.0830962E-03 -6.4357762E-03 -6.0128598E-03  4.7765169E-04  8.3618565E-03  8.0636623E-03  2.0839422E-03  3.9737808E-03  4.2071273E-03 -5.8421514E-03 -1.4066350E-02 -3.1414993E-02
  3.1769232E-02  8.1106841E-03 -2.6128451E-03  7.7275361E-04 -4.8869117E-03  1.2893758E-03  5.7649271E-03 -3.9018687E-03 -3.3186542E-03  3.2838305E-03 -4.1476938E-04  4.5297986E-03  5.4956039E-03  6.9759721E-03  2.4481040E-03  3.0148334E-03  2.4551454E-03  1.5389038E-03  9.8093894E-03  2.9266302E-03 -5.1691080E-03  9.8702272E-03  9.1617111E-03 -3.7575394E-02  1.3220974E-02  3.8908781E-03  4.7926117E-03 -3.2684368E-03  6.1489237E-03  4.1142879E-03 -3.7549302E-03 -4.0500357E-02  8.2318885E-02 -2.1585643E-02  1.8667179E-02  2.3668267E-03  4.5200861E-03  9.1264068E-03  2.9611521E-03 -1.0782506E-02 -1.8866352E-02  4.0646986E-02 -6.4898637E-03 -2.0130870E-03  9.2565488E-03  4.4752286E-03  8.1228784E-03  9.5128488E-04 -1.1621007E-02  3.6175705E-03  1.1413133E-02  7.1050369E-03  6.5424942E-03  5.9334508E-03  3.2317373E-04 -1.4542928E-03 -1.1767482E-02  3.4384097E+00
  9.0136826E-03 -4.9859213E-03  1.8365469E-03  1.1030470E-04  4.2894327E-04  1.8721714E-03  3.1777129E-03  3.1423674E-03  4.5680809E-04 -1.3793833E-03 -3.8080610E-03 -2.5261422E-03  7.5030054E-03  9.7359047E-04  6.1157747E-04  2.7765640E-03 -1.3054216E-03  2.8624434E-04 -7.2991909E-03  4.9159155E-03  2.9343574E-03  2.2152904E-03  3.6110786E-03 -4.3325020E-02 -3.6676295E-02  2.0465633E-02  4.7157904E-03  2.6969915E-03  4.8163803E-03  1.7760008E-03  4.5978847E-03  7.2517300E-03 -2.1585643E-02  1.0451143E-01 -3.6599219E-02  1.8018426E-02  2.5400954E-03 -1.6722661E-04  2.1995457E-03  1.0859869E-02 -2.2780602E-02 -2.6344363E-02  4.2855891E-03 -1.9371148E-03 -2.7769478E-03 -1.3157954E-03  4.0354364E-03  9.3004308E-03 -1.3890112E-03  7.0835514E-03 -1.2605104E-03 -6.3368253E-03 -2.4048305E-03 -8.8759954E-05  4.8630121E-04  1.1433411E-02  2.1679695E-02  5.5336866E+00
 -8.1864142E-03  2.4175572E-03 -1.5652206E-02 -3.3613847E-03 -2.9005552E-03  8.6118106E-04  8.3320441E-03 -2.0038879E-03  4.3330697E-05 -1.1618457E-03 -2.0230143E-03  4.0911713E-03  7.6917678E-03 -5.1879777E-04 -5.6040524E-04  6.1592545E-04 -9.7274479E-04  2.3624485E-02  2.0323473E-03  2.6343320E-03  4.1319127E-03  5.5130190E-03  2.2391882E-03 -9.8592201E-03 -3.6093358E-02  1.2874190E-03  3.6366930E-03  1.4827438E-03  5.3695090E-03  4.9136625E-03 -3.2932158E-03 -2.1712283E-03  1.8667179E-02 -3.6599219E-02  2.0279302E-01 -6.1787794E-02  1.3847726E-02  3.9306113E-03  3.6001856E-03 -1.5076606E-03  5.0010088E-03 -2.9957506E-02 -2.4005451E-02 -2.4877632E-02  1.0936934E-02  2.1287457E-03  4.2102668E-03  3.7911580E-03  3.4851680E-03  3.8799313E-03 -1.1648759E-02  1.5382085E-03  3.2262747E-03  4.2096611E-03  3.6550109E-03  2.0352036E-03 -5.3864849E-03  4.8361894E+00
 -5.0217512E-03 -2.9764692E-03 -2.1742601E-03  1.4014156E-03  4.3725325E-04  3.9873210E-03  4.1083981E-03  3.2735217E-03  1.3918207E-03 -8.6796038E-05  1.4846149E-03  3.1871346E-03  3.8794474E-03 -8.0737411E-04  1.2936491E-04  4.5194438E-03  8.1305590E-04  4.6015719E-02  4.9098759E-03 -7.1368004E-04  1.0034172E-02  9.7494776E-03  2.6346322E-03 -1.3481639E-03 -7.0696170E-03 -8.9219482E-03  4.6721728E-03  1.7589161E-02  6.6912468E-03  1.4808968E-03 -5.3128941E-04  3.5167335E-03  2.3668267E-03  1.8018426E-02 -6.1787794E-02  1.4122635E-01 -2.5187346E-02  5.8353812E-03 -9.6674745E-03  5.6504247E-03 -4.4936008E-03  2.1151540E-02  9.8985821E-03 -3.2934980E-02 -1.2920802E-02 -3.3130409E-03  3.5446581E-03  8.3988592E-03  3.4181751E-03  1.4447756E-02  1.2474959E-02  1.3727627E-03 -1.5560641E-03  3.9371375E-04  3.5503673E-03  2.5769594E-03 -4.0157252E-02  3.0470511E+00
 -5.6841916E-03 -6.4889500E-04 -1.5646036E-02 -2.3771761E-03 -2.5959265E-03  3.3205366E-03  7.8820610E-03 -1.5134644E-03  5.8378438E-04 -1.0430627E-03 -1.3918731E-03  6.7161908E-03  1.8748556E-03  2.2148321E-03 -6.3269956E-04  8.3841784E-03 -2.4755055E-04  7.6635202E-03  2.0081843E-02  8.6191034E-03  1.8236809E-03  1.1107498E-02  9.8175575E-03 -2.0175528E-03  3.3044214E-03 -1.0099438E-02 -3.3115903E-02 -4.8423900E-03  9.1100433E-03  2.3114626E-03 -2.5410593E-03  5.6460440E-03  4.5200861E-03  2.5400954E-03  1.3847726E-02 -2.5187346E-02  1.7498837E-01 -2.1581909E-02  1.9230752E-02  2.8198003E-03 -1.7968701E-03  4.1884486E-03  7.8843512E-03 -9.7586679E-03 -7.0706297E-02 -4.1484223E-03  5.5762179E-03  8.3653474E-03  6.2208727E-04  8.4396495E-03  2.8928991E-03  6.0552617E-03  5.3026651E-03  5.0045518E-03 -2.7146456E-03 -8.0473723E-03 -4.1232930E-02  2.1256454E+00
  3.2645815E-02  6.9541720E-03 -8.3360848E-03  1.7012636E-03  9.2633529E-04  1.5556258E-03  8.3061144E-03  1.2423866E-03  8.1044315E-04  1.0605695E-03 -1.9438356E-03  9.8101437E-03  6.3509152E-03  2.6369853E-03 -9.5482499E-04  5.5227304E-03  5.8977214E-04  1.9066983E-03 -4.9142839E-03 -4.5498954E-03  8.8269190E-03  3.8691813E-03  2.4779741E-03  1.5612468E-02  2.2580316E-03  1.4584771E-02 -1.6803858E-02 -1.5535748E-02  5.2133706E-03  1.7163636E-02 -5.8245059E-04  9.4646054E-03  9.1264068E-03 -1.6722661E-04  3.9306113E-03  5.8353812E-03 -2.1581909E-02  8.5229736E-02 -6.1552613E-02 -2.2119191E-03  2.8261103E-03  4.2407233E-03 -7.1922550E-03  2.1250588E-02 -2.8545240E-03  6.5771405E-03  9.4485381E-03  6.3906263E-03  5.0218780E-03  1.4008601E-03  1.1548643E-02  2.6958531E-03  5.6645143E-03  6.7840267E-03  3.8351188E-03 -1.6414044E-04 -1.3940087E-03  4.1420277E+00
  3.7910387E-02  1.4829870E-03  6.0564896E-04  2.6148494E-03  1.9092716E-03  3.1017705E-03  1.2871097E-03  1.6021813E-03  1.7322331E-03  1.1547405E-04  6.1016144E-04  6.3826699E-03  2.5509312E-03  2.1411255E-03  2.7309703E-03  4.8478412E-03  8.0713072E-04  7.6315189E-03  2.6646793E-03 -1.4995333E-02  5.3519707E-03  9.2552972E-03  1.0948082E-02  6.0626464E-03  2.2946851E-03  4.0188418E-03  3.6686377E-03  1.4744155E-02 -3.8495245E-02 -1.0084763E-02  2.8394001E-03  9.8121232E-03  2.9611521E-03  2.1995457E-03  3.6001856E-03 -9.6674745E-03  1.9230752E-02 -6.1552613E-02  2.6330113E-01  6.3219145E-04  4.8293927E-04  1.6773420E-03 -3.3275583E-03  6.3478744E-03  2.3392600E-02  8.7419836E-03  7.2004066E-03  2.1150779E-03  2.6700956E-04  1.7238392E-03  1.1638302E-02  6.6571859E-03  6.2597542E-03  7.4759790E-03 -1.0639339E-02 -6.1098535E-03  8.9847451E-03  1.2379642E+00
  8.0082263E-03 -2.2779108E-02 -7.9899142E-03 -1.9823241E-03  8.3164924E-04 -1.1290757E-03  4.1915931E-03 -2.9015953E-03  5.9959160E-04 -7.4265392E-04 -4.9757737E-03 -3.6225394E-03  7.1430554E-03 -1.0477734E-03  1.7175770E-03 -3.3904053E-03 -9.7752522E-04 -4.0847166E-03  2.3830622E-03  5.3242669E-03 -1.1287360E-03  2.9967203E-03 -2.9762658E-03  1.5296055E-02 -4.1709233E-03  7.6775154E-03  1.3554519E-03  4.4279554E-03  2.8095347E-03 -7.0209155E-04 -2.5462250E-03 -4.7780539E-02 -1.0782506E-02  1.0859869E-02 -1.5076606E-03  5.6504247E-03  2.8198003E-03 -2.2119191E-03  6.3219145E-04  1.4351530E-01 -1.9082648E-02  5.8181721E-03 -2.4073163E-03 -1.6490736E-03 -4.6230459E-03  1.4093398E-02 -7.5546187E-02 -8.1913731E-05  6.9039685E-03  6.0681948E-03 -7.1570778E-04  3.7768096E-03  6.9008565E-03 -2.6872883E-03  1.0131931E-03  6.7019690E-03  1.4850832E-02  3.6719386E+00
 -4.3834447E-02  2.0136351E-02 -1.5147700E-02 -5.0074496E-03 -1.9862430E-03 -2.0715459E-04  6.0070554E-03  2.2919125E-03  1.8146249E-03 -3.1900176E-03  2.0859217E-03  7.1627259E-05  6.8874197E-03 -6.5800002E-03 -4.0262862E-03 -7.2087467E-03 -2.1870869E-03  3.1897951E-03 -2.9293883E-03 -4.8118764E-04  1.1908712E-02 -6.1893168E-03 -8.9329661E-03  1.4201176E-02  1.2418962E-02 -4.9907644E-03  1.0476812E-04  7.9187017E-03 -1.1670174E-03 -1.4433232E-03  9.2277275E-04  3.6642825E-02 -1.8866352E-02 -2.2780602E-02  5.0010088E-03 -4.4936008E-03 -1.7968701E-03  2.8261103E-03  4.8293927E-04 -1.9082648E-02  1.3763006E-01 -1.3708787E-02  2.4731103E-03  1.2878912E-02 -3.4307128E-03  2.8961860E-03 -8.6506551E-03 -4.8370364E-02 -6.4688310E-03  5.6172631E-03 -7.0611278E-03  6.6125337E-03 -1.4858027E-03 -1.8571624E-03  1.1100755E-02  1.1566522E-02  3.1275537E-02  5.4016147E+00
  4.7247204E-03 -1.6378846E-03 -1.2526888E-04  8.6227307E-04  1.6040640E-03  2.8065469E-03  3.8258277E-03  1.0721993E-03  1.6765763E-03 -1.0702229E-03  5.5077955E-04  2.0423214E-03  3.2598664E-03  1.3029915E-03  1.6291056E-03  3.5674840E-03 -8.4444463E-04 -3.4075859E-04  5.7517622E-03  3.0050968E-03  5.2361452E-03  8.0371495E-03  1.2138462E-03  2.6304951E-02  7.1630756E-03  5.6258516E-03  2.2435146E-03  3.1866685E-03  5.1913095E-03  3.2773052E-03 -1.6572017E-03  7.9314701E-03  4.0646986E-02 -2.6344363E-02 -2.9957506E-02  2.1151540E-02  4.1884486E-03  4.2407233E-03  1.6773420E-03  5.8181721E-03 -1.3708787E-02  2.2003585E-01 -4.8099984E-02 -4.0327461E-03 -3.9155261E-03  1.5430787E-04  1.0226859E-02  1.4779941E-02 -3.1531590E-02 -1.9215711E-02 -1.0996720E-02  5.1340451E-03  2.5689001E-04  3.0874456E-03 -1.3516462E-03  2.5347823E-03 -2.3282338E-02  3.2214953E+00
 -1.9375327E-02 -3.0316475E-03 -1.2954933E-02 -3.4004005E-03 -3.3431101E-03 -3.2320655E-03  4.5299759E-03 -3.0400335E-03 -1.2451215E-03 -2.6023791E-04 -2.4309573E-03 -1.6942449E-03  3.5111766E-03 -1.3197776E-03 -3.1411706E-03 -3.0117574E-03 -8.7929013E-04 -4.5074776E-03  2.3747240E-04 -1.1689965E-03  7.0533424E-04  4.2575925E-03 -1.9610531E-03 -3.8356387E-04  2.5942876E-03  2.9663663E-03  6.7890494E-04  5.3348172E-03  2.7383258E-03 -4.5788996E-03 -5.0637962E-03 -3.9636239E-03 -6.4898637E-03  4.2855891E-03 -2.4005451E-02  9.8985821E-03  7.8843512E-03 -7.1922550E-03 -3.3275583E-03 -2.4073163E-03  2.4731103E-03 -4.8099984E-02  1.4410727E-01 -1.9696314E-02  2.1945272E-03 -2.1542929E-03 -2.1967264E-03  8.7587376E-04  3.3066542E-03 -3.4261049E-02  2.3779742E-02 -6.7390115E-03  1.2130460E-02  1.3142368E-02  3.4610953E-03  8.5042763E-04 -1.8457279E-02  2.8686841E-01
  3.7387916E-02  9.4881211E-03 -3.8696370E-04 -4.0503160E-03 -4.3776747E-03 -1.5752240E-03  6.2203891E-04 -3.7119884E-03 -7.2436995E-04 -1.2087098E-03 -3.9016887E-03 -2.4602287E-03  8.1355414E-03  6.1529365E-03  4.7941458E-03 -7.2440169E-03 -4.9231072E-04 -1.1652862E-02  4.7583352E-03  2.6682744E-03 -5.8945811E-03  2.1797532E-02  2.4035676E-03  1.5784665E-02 -9.9756736E-03  5.0753332E-03  9.3483347E-03 -7.7898563E-03  1.0364327E-02 -1.2721830E-02  2.6314221E-03 -3.2933897E-04 -2.0130870E-03 -1.9371148E-03 -2.4877632E-02 -3.2934980E-02 -9.7586679E-03  2.1250588E-02  6.3478744E-03 -1.6490736E-03  1.2878912E-02 -4.0327461E-03 -1.9696314E-02  1.4219197E-01 -4.0537967E-02  1.0234601E-02 -5.4244067E-04 -1.9352811E-03  1.0519403E-02 -2.0541842E-02 -2.6887778E-02 -1.8001034E-03  5.8069661E-03  5.5232668E-03 -3.0123843E-03  6.3122245E-03 -5.2779687E-02  2.6193647E+00
  6.5963794E-02  1.4036626E-02  3.4287124E-03  5.0660297E-04 -9.8299509E-04 -1.6627174E-03  2.5133904E-03 -5.2211583E-03 -2.6657213E-04 -3.0084352E-03 -1.6235878E-03 -6.5390361E-04  6.4633168E-05  2.4139310E-03 -3.5684926E-04 -5.6422218E-03 -4.8952924E-03 -2.0035954E-03  1.9714559E-03  5.7305172E-03 -9.1542682E-03 -7.2145804E-03 -3.8991529E-03  1.7814159E-02  1.0194982E-02 -9.2536854E-03 -4.0126889E-03 -5.7583218E-03 -3.4139277E-03  2.6030891E-03 -9.5846076E-06 -4.0395250E-04  9.2565488E-03 -2.7769478E-03  1.0936934E-02 -1.2920802E-02 -7.0706297E-02 -2.8545240E-03  2.3392600E-02 -4.6230459E-03 -3.4307128E-03 -3.9155261E-03  2.1945272E-03 -4.0537967E-02  1.8780681E-01  1.1299706E-02 -8.2173692E-04 -7.7466368E-05 -1.2127363E-03  6.0958043E-03  3.7059461E-02 -2.1256626E-03 -9.1047817E-04  2.2259100E-03  5.1117001E-03  4.7673623E-03  4.1572289E-02  3.5939631E-01
